{
 "cells": [
  {
   "cell_type": "code",
   "execution_count": 61,
   "metadata": {
    "collapsed": false
   },
   "outputs": [],
   "source": [
    "import pandas as pd\n",
    "import os,h5py\n",
    "import pandas as pd\n",
    "import matplotlib\n",
    "import numpy as np\n",
    "import matplotlib.pyplot as plt\n",
    "from collections import OrderedDict\n",
    "%matplotlib inline  \n",
    "\n",
    "os.chdir('/data/arpit.goel/20_TwoSigmaFinancial')\n",
    "df = pd.read_hdf('01.RawData/train.h5')"
   ]
  },
  {
   "cell_type": "code",
   "execution_count": 45,
   "metadata": {
    "collapsed": false,
    "scrolled": true
   },
   "outputs": [],
   "source": [
    "slow_moving_columns=['fundamental_22','fundamental_49','technical_14','technical_43','technical_17',\\\n",
    "                    'technical_2','technical_6','technical_29','technical_11','fundamental_20','fundamental_16',\\\n",
    "                    'technical_10','fundamental_14','fundamental_59','fundamental_46','fundamental_9',\\\n",
    "                    'fundamental_24','fundamental_12','fundamental_52','fundamental_3','fundamental_39',\\\n",
    "                    'technical_20','technical_34','fundamental_40','fundamental_43','technical_30',\\\n",
    "                    'technical_12','derived_1','fundamental_31','fundamental_37','technical_13',\\\n",
    "                    'fundamental_21','fundamental_58','fundamental_28','fundamental_51','technical_7',\\\n",
    "                    'fundamental_1','fundamental_56','technical_0','fundamental_35','fundamental_54',\\\n",
    "                    'fundamental_23','fundamental_45','technical_37','fundamental_63','technical_32',\\\n",
    "                    'fundamental_50','technical_38','fundamental_53','fundamental_57','technical_39']\n",
    "\n",
    "\n",
    "df = df[slow_moving_columns+['y','timestamp','id']]\n",
    "df_median = df.sample(n=100000).median(axis=0)\n",
    "df=df.fillna(df_median)"
   ]
  },
  {
   "cell_type": "code",
   "execution_count": 46,
   "metadata": {
    "collapsed": false
   },
   "outputs": [],
   "source": [
    "df['timestamp_new']=np.floor(df['timestamp']/30)\n",
    "df['y_new']=np.log(1+df['y'])\n",
    "df_rolled=df.groupby(['id','timestamp_new'])[slow_moving_columns+['y','y_new']].mean().reset_index()\n"
   ]
  },
  {
   "cell_type": "code",
   "execution_count": 55,
   "metadata": {
    "collapsed": false
   },
   "outputs": [
    {
     "data": {
      "text/html": [
       "<div>\n",
       "<table border=\"1\" class=\"dataframe\">\n",
       "  <thead>\n",
       "    <tr style=\"text-align: right;\">\n",
       "      <th></th>\n",
       "      <th>technical_30</th>\n",
       "      <th>technical_20</th>\n",
       "      <th>technical_17</th>\n",
       "      <th>technical_2</th>\n",
       "      <th>technical_38</th>\n",
       "      <th>technical_11</th>\n",
       "      <th>technical_39</th>\n",
       "      <th>technical_12</th>\n",
       "      <th>technical_32</th>\n",
       "      <th>technical_13</th>\n",
       "      <th>technical_37</th>\n",
       "      <th>technical_6</th>\n",
       "    </tr>\n",
       "  </thead>\n",
       "  <tbody>\n",
       "    <tr>\n",
       "      <th>technical_30</th>\n",
       "      <td>1.000000</td>\n",
       "      <td>-0.220216</td>\n",
       "      <td>-0.209567</td>\n",
       "      <td>-0.247090</td>\n",
       "      <td>0.144514</td>\n",
       "      <td>-0.264315</td>\n",
       "      <td>0.121681</td>\n",
       "      <td>0.129073</td>\n",
       "      <td>0.127337</td>\n",
       "      <td>-0.251023</td>\n",
       "      <td>0.099304</td>\n",
       "      <td>-0.240112</td>\n",
       "    </tr>\n",
       "    <tr>\n",
       "      <th>technical_20</th>\n",
       "      <td>-0.220216</td>\n",
       "      <td>1.000000</td>\n",
       "      <td>0.103378</td>\n",
       "      <td>0.131822</td>\n",
       "      <td>-0.138915</td>\n",
       "      <td>0.104504</td>\n",
       "      <td>-0.127072</td>\n",
       "      <td>-0.119112</td>\n",
       "      <td>-0.133501</td>\n",
       "      <td>-0.181409</td>\n",
       "      <td>-0.091144</td>\n",
       "      <td>0.022740</td>\n",
       "    </tr>\n",
       "    <tr>\n",
       "      <th>technical_17</th>\n",
       "      <td>-0.209567</td>\n",
       "      <td>0.103378</td>\n",
       "      <td>1.000000</td>\n",
       "      <td>0.559390</td>\n",
       "      <td>-0.281501</td>\n",
       "      <td>0.352378</td>\n",
       "      <td>-0.258635</td>\n",
       "      <td>-0.381435</td>\n",
       "      <td>-0.250723</td>\n",
       "      <td>0.066160</td>\n",
       "      <td>-0.289884</td>\n",
       "      <td>0.226983</td>\n",
       "    </tr>\n",
       "    <tr>\n",
       "      <th>technical_2</th>\n",
       "      <td>-0.247090</td>\n",
       "      <td>0.131822</td>\n",
       "      <td>0.559390</td>\n",
       "      <td>1.000000</td>\n",
       "      <td>-0.291237</td>\n",
       "      <td>0.608621</td>\n",
       "      <td>-0.261321</td>\n",
       "      <td>-0.383196</td>\n",
       "      <td>-0.282122</td>\n",
       "      <td>0.027543</td>\n",
       "      <td>-0.287789</td>\n",
       "      <td>0.396557</td>\n",
       "    </tr>\n",
       "    <tr>\n",
       "      <th>technical_38</th>\n",
       "      <td>0.144514</td>\n",
       "      <td>-0.138915</td>\n",
       "      <td>-0.281501</td>\n",
       "      <td>-0.291237</td>\n",
       "      <td>1.000000</td>\n",
       "      <td>-0.330985</td>\n",
       "      <td>0.587471</td>\n",
       "      <td>0.344578</td>\n",
       "      <td>0.406914</td>\n",
       "      <td>0.043821</td>\n",
       "      <td>0.457957</td>\n",
       "      <td>-0.341225</td>\n",
       "    </tr>\n",
       "    <tr>\n",
       "      <th>technical_11</th>\n",
       "      <td>-0.264315</td>\n",
       "      <td>0.104504</td>\n",
       "      <td>0.352378</td>\n",
       "      <td>0.608621</td>\n",
       "      <td>-0.330985</td>\n",
       "      <td>1.000000</td>\n",
       "      <td>-0.289464</td>\n",
       "      <td>-0.290468</td>\n",
       "      <td>-0.302923</td>\n",
       "      <td>0.007131</td>\n",
       "      <td>-0.294702</td>\n",
       "      <td>0.640128</td>\n",
       "    </tr>\n",
       "    <tr>\n",
       "      <th>technical_39</th>\n",
       "      <td>0.121681</td>\n",
       "      <td>-0.127072</td>\n",
       "      <td>-0.258635</td>\n",
       "      <td>-0.261321</td>\n",
       "      <td>0.587471</td>\n",
       "      <td>-0.289464</td>\n",
       "      <td>1.000000</td>\n",
       "      <td>0.447013</td>\n",
       "      <td>0.509262</td>\n",
       "      <td>0.049934</td>\n",
       "      <td>0.446051</td>\n",
       "      <td>-0.230580</td>\n",
       "    </tr>\n",
       "    <tr>\n",
       "      <th>technical_12</th>\n",
       "      <td>0.129073</td>\n",
       "      <td>-0.119112</td>\n",
       "      <td>-0.381435</td>\n",
       "      <td>-0.383196</td>\n",
       "      <td>0.344578</td>\n",
       "      <td>-0.290468</td>\n",
       "      <td>0.447013</td>\n",
       "      <td>1.000000</td>\n",
       "      <td>0.401460</td>\n",
       "      <td>0.045694</td>\n",
       "      <td>0.293348</td>\n",
       "      <td>-0.165946</td>\n",
       "    </tr>\n",
       "    <tr>\n",
       "      <th>technical_32</th>\n",
       "      <td>0.127337</td>\n",
       "      <td>-0.133501</td>\n",
       "      <td>-0.250723</td>\n",
       "      <td>-0.282122</td>\n",
       "      <td>0.406914</td>\n",
       "      <td>-0.302923</td>\n",
       "      <td>0.509262</td>\n",
       "      <td>0.401460</td>\n",
       "      <td>1.000000</td>\n",
       "      <td>0.066762</td>\n",
       "      <td>0.176281</td>\n",
       "      <td>-0.268051</td>\n",
       "    </tr>\n",
       "    <tr>\n",
       "      <th>technical_13</th>\n",
       "      <td>-0.251023</td>\n",
       "      <td>-0.181409</td>\n",
       "      <td>0.066160</td>\n",
       "      <td>0.027543</td>\n",
       "      <td>0.043821</td>\n",
       "      <td>0.007131</td>\n",
       "      <td>0.049934</td>\n",
       "      <td>0.045694</td>\n",
       "      <td>0.066762</td>\n",
       "      <td>1.000000</td>\n",
       "      <td>0.016013</td>\n",
       "      <td>-0.031301</td>\n",
       "    </tr>\n",
       "    <tr>\n",
       "      <th>technical_37</th>\n",
       "      <td>0.099304</td>\n",
       "      <td>-0.091144</td>\n",
       "      <td>-0.289884</td>\n",
       "      <td>-0.287789</td>\n",
       "      <td>0.457957</td>\n",
       "      <td>-0.294702</td>\n",
       "      <td>0.446051</td>\n",
       "      <td>0.293348</td>\n",
       "      <td>0.176281</td>\n",
       "      <td>0.016013</td>\n",
       "      <td>1.000000</td>\n",
       "      <td>-0.189599</td>\n",
       "    </tr>\n",
       "    <tr>\n",
       "      <th>technical_6</th>\n",
       "      <td>-0.240112</td>\n",
       "      <td>0.022740</td>\n",
       "      <td>0.226983</td>\n",
       "      <td>0.396557</td>\n",
       "      <td>-0.341225</td>\n",
       "      <td>0.640128</td>\n",
       "      <td>-0.230580</td>\n",
       "      <td>-0.165946</td>\n",
       "      <td>-0.268051</td>\n",
       "      <td>-0.031301</td>\n",
       "      <td>-0.189599</td>\n",
       "      <td>1.000000</td>\n",
       "    </tr>\n",
       "  </tbody>\n",
       "</table>\n",
       "</div>"
      ],
      "text/plain": [
       "              technical_30  technical_20  technical_17  technical_2  \\\n",
       "technical_30      1.000000     -0.220216     -0.209567    -0.247090   \n",
       "technical_20     -0.220216      1.000000      0.103378     0.131822   \n",
       "technical_17     -0.209567      0.103378      1.000000     0.559390   \n",
       "technical_2      -0.247090      0.131822      0.559390     1.000000   \n",
       "technical_38      0.144514     -0.138915     -0.281501    -0.291237   \n",
       "technical_11     -0.264315      0.104504      0.352378     0.608621   \n",
       "technical_39      0.121681     -0.127072     -0.258635    -0.261321   \n",
       "technical_12      0.129073     -0.119112     -0.381435    -0.383196   \n",
       "technical_32      0.127337     -0.133501     -0.250723    -0.282122   \n",
       "technical_13     -0.251023     -0.181409      0.066160     0.027543   \n",
       "technical_37      0.099304     -0.091144     -0.289884    -0.287789   \n",
       "technical_6      -0.240112      0.022740      0.226983     0.396557   \n",
       "\n",
       "              technical_38  technical_11  technical_39  technical_12  \\\n",
       "technical_30      0.144514     -0.264315      0.121681      0.129073   \n",
       "technical_20     -0.138915      0.104504     -0.127072     -0.119112   \n",
       "technical_17     -0.281501      0.352378     -0.258635     -0.381435   \n",
       "technical_2      -0.291237      0.608621     -0.261321     -0.383196   \n",
       "technical_38      1.000000     -0.330985      0.587471      0.344578   \n",
       "technical_11     -0.330985      1.000000     -0.289464     -0.290468   \n",
       "technical_39      0.587471     -0.289464      1.000000      0.447013   \n",
       "technical_12      0.344578     -0.290468      0.447013      1.000000   \n",
       "technical_32      0.406914     -0.302923      0.509262      0.401460   \n",
       "technical_13      0.043821      0.007131      0.049934      0.045694   \n",
       "technical_37      0.457957     -0.294702      0.446051      0.293348   \n",
       "technical_6      -0.341225      0.640128     -0.230580     -0.165946   \n",
       "\n",
       "              technical_32  technical_13  technical_37  technical_6  \n",
       "technical_30      0.127337     -0.251023      0.099304    -0.240112  \n",
       "technical_20     -0.133501     -0.181409     -0.091144     0.022740  \n",
       "technical_17     -0.250723      0.066160     -0.289884     0.226983  \n",
       "technical_2      -0.282122      0.027543     -0.287789     0.396557  \n",
       "technical_38      0.406914      0.043821      0.457957    -0.341225  \n",
       "technical_11     -0.302923      0.007131     -0.294702     0.640128  \n",
       "technical_39      0.509262      0.049934      0.446051    -0.230580  \n",
       "technical_12      0.401460      0.045694      0.293348    -0.165946  \n",
       "technical_32      1.000000      0.066762      0.176281    -0.268051  \n",
       "technical_13      0.066762      1.000000      0.016013    -0.031301  \n",
       "technical_37      0.176281      0.016013      1.000000    -0.189599  \n",
       "technical_6      -0.268051     -0.031301     -0.189599     1.000000  "
      ]
     },
     "execution_count": 55,
     "metadata": {},
     "output_type": "execute_result"
    }
   ],
   "source": [
    "pred_vars=df_rolled[slow_moving_columns].corrwith(df_rolled['y_new']).abs().sort_values(ascending=False)\n",
    "pred_vars=pred_vars[pred_vars>0.05].index.tolist()\n",
    "\n",
    "df_rolled[pred_vars].corr()\n"
   ]
  },
  {
   "cell_type": "code",
   "execution_count": 56,
   "metadata": {
    "collapsed": false
   },
   "outputs": [
    {
     "name": "stderr",
     "output_type": "stream",
     "text": [
      "/data/arpit.goel/anacondainstall/lib/python2.7/site-packages/ipykernel/__main__.py:11: SettingWithCopyWarning: \n",
      "A value is trying to be set on a copy of a slice from a DataFrame.\n",
      "Try using .loc[row_indexer,col_indexer] = value instead\n",
      "\n",
      "See the caveats in the documentation: http://pandas.pydata.org/pandas-docs/stable/indexing.html#indexing-view-versus-copy\n",
      "/data/arpit.goel/anacondainstall/lib/python2.7/site-packages/ipykernel/__main__.py:12: SettingWithCopyWarning: \n",
      "A value is trying to be set on a copy of a slice from a DataFrame.\n",
      "Try using .loc[row_indexer,col_indexer] = value instead\n",
      "\n",
      "See the caveats in the documentation: http://pandas.pydata.org/pandas-docs/stable/indexing.html#indexing-view-versus-copy\n"
     ]
    }
   ],
   "source": [
    "from sklearn.linear_model import LinearRegression, Ridge, ElasticNetCV\n",
    "\n",
    "train=pd.read_pickle('03.ProcessedData/train_with_predicts_ids.pkl').sample(n=100000)\n",
    "test_id=pd.read_pickle('03.ProcessedData/test_id_with_predicts_ids.pkl')\n",
    "test_ts=pd.read_pickle('03.ProcessedData/test_ts_with_predicts_ids.pkl')\n",
    "\n",
    "msk = np.random.rand(len(train)) < 0.6\n",
    "ins = train[msk]\n",
    "oos = train[~msk]\n",
    "\n",
    "ins['y_new']=np.log(1+ins['y'])\n",
    "oos['y_new']=np.log(1+oos['y'])\n",
    "test_id['y_new']=np.log(1+test_id['y'])\n",
    "test_ts['y_new']=np.log(1+test_ts['y'])\n"
   ]
  },
  {
   "cell_type": "code",
   "execution_count": 59,
   "metadata": {
    "collapsed": false
   },
   "outputs": [
    {
     "name": "stdout",
     "output_type": "stream",
     "text": [
      "0.416715637114\n",
      "-0.0316790338252 -0.0296740426774\n",
      "-0.0259102556528 -0.0291972968983\n"
     ]
    }
   ],
   "source": [
    "cols=['technical_13','technical_17','technical_20','technical_30']\n",
    "\n",
    "gb = LinearRegression()\n",
    "gb.fit(df_rolled[cols],df_rolled['y_new'])\n",
    "print gb.score(df_rolled[cols],df_rolled['y_new'])\n",
    "print gb.score(ins[cols],ins['y_new']), gb.score(oos[cols],oos['y_new'])\n",
    "print gb.score(test_ts[cols],test_ts['y_new']), gb.score(test_id[cols],test_id['y_new'])\n"
   ]
  },
  {
   "cell_type": "code",
   "execution_count": 60,
   "metadata": {
    "collapsed": false
   },
   "outputs": [
    {
     "data": {
      "text/html": [
       "<div>\n",
       "<table border=\"1\" class=\"dataframe\">\n",
       "  <thead>\n",
       "    <tr style=\"text-align: right;\">\n",
       "      <th></th>\n",
       "      <th>y</th>\n",
       "      <th>y_new</th>\n",
       "      <th>y_der</th>\n",
       "    </tr>\n",
       "  </thead>\n",
       "  <tbody>\n",
       "    <tr>\n",
       "      <th>0</th>\n",
       "      <td>-0.011753</td>\n",
       "      <td>-0.011823</td>\n",
       "      <td>-0.011753</td>\n",
       "    </tr>\n",
       "    <tr>\n",
       "      <th>1</th>\n",
       "      <td>-0.001240</td>\n",
       "      <td>-0.001241</td>\n",
       "      <td>-0.001240</td>\n",
       "    </tr>\n",
       "    <tr>\n",
       "      <th>2</th>\n",
       "      <td>-0.020940</td>\n",
       "      <td>-0.021162</td>\n",
       "      <td>-0.020940</td>\n",
       "    </tr>\n",
       "    <tr>\n",
       "      <th>3</th>\n",
       "      <td>-0.015959</td>\n",
       "      <td>-0.016088</td>\n",
       "      <td>-0.015959</td>\n",
       "    </tr>\n",
       "    <tr>\n",
       "      <th>4</th>\n",
       "      <td>-0.007338</td>\n",
       "      <td>-0.007365</td>\n",
       "      <td>-0.007338</td>\n",
       "    </tr>\n",
       "  </tbody>\n",
       "</table>\n",
       "</div>"
      ],
      "text/plain": [
       "          y     y_new     y_der\n",
       "0 -0.011753 -0.011823 -0.011753\n",
       "1 -0.001240 -0.001241 -0.001240\n",
       "2 -0.020940 -0.021162 -0.020940\n",
       "3 -0.015959 -0.016088 -0.015959\n",
       "4 -0.007338 -0.007365 -0.007338"
      ]
     },
     "execution_count": 60,
     "metadata": {},
     "output_type": "execute_result"
    }
   ],
   "source": [
    "exp=df[['y']].head()\n",
    "exp['y_new']=np.log(1+exp['y'])\n",
    "exp['y_der']=np.exp(exp['y_new'])-1\n",
    "exp"
   ]
  },
  {
   "cell_type": "code",
   "execution_count": 62,
   "metadata": {
    "collapsed": false
   },
   "outputs": [
    {
     "data": {
      "text/plain": [
       "fundamental_34    0.044809\n",
       "technical_36      0.045049\n",
       "technical_0       0.046533\n",
       "technical_19      0.046765\n",
       "technical_35      0.049074\n",
       "fundamental_53    0.054306\n",
       "technical_14      0.054979\n",
       "technical_29      0.055054\n",
       "technical_10      0.056044\n",
       "fundamental_11    0.056250\n",
       "technical_27      0.058622\n",
       "fundamental_57    0.058809\n",
       "fundamental_18    0.062293\n",
       "fundamental_29    0.069110\n",
       "fundamental_55    0.076870\n",
       "fundamental_60    0.078106\n",
       "fundamental_56    0.078286\n",
       "fundamental_62    0.081237\n",
       "fundamental_15    0.084768\n",
       "y                 1.000000\n",
       "dtype: float64"
      ]
     },
     "execution_count": 62,
     "metadata": {},
     "output_type": "execute_result"
    }
   ],
   "source": [
    "market_df=df.groupby('timestamp').mean()\n",
    "market_df.corrwith(market_df['y']).abs().sort_values().tail(20)"
   ]
  }
 ],
 "metadata": {
  "kernelspec": {
   "display_name": "Python 2",
   "language": "python",
   "name": "python2"
  },
  "language_info": {
   "codemirror_mode": {
    "name": "ipython",
    "version": 2
   },
   "file_extension": ".py",
   "mimetype": "text/x-python",
   "name": "python",
   "nbconvert_exporter": "python",
   "pygments_lexer": "ipython2",
   "version": "2.7.13"
  }
 },
 "nbformat": 4,
 "nbformat_minor": 0
}
